HMC5883L logger
Gera log de saídas da bússola na saída padrão.
A saída pode ser visualizada com algum programa que plote gráficos
ou processada para calcular deslocamentos/rotações para corrigir o
campo magnético recebido da bússola
11023.064498740	106	11	25
11023.068087641	106	11	25
11023.071624688	106	11	25
11023.075060836	106	11	25
11023.078578449	106	11	25
11023.082070794	106	11	25
11023.085507890	106	11	25
11023.088893975	106	11	25
11023.092465650	106	11	25
11023.095986771	106	11	25
11023.099478681	103	13	22
11023.102996670	103	13	22
11023.106550992	103	13	22
11023.110100701	103	13	22
11023.113716928	103	9	25
11023.117194485	103	9	25
11023.120651160	103	9	25
11023.124199848	103	9	25
11023.127753239	103	9	25
11023.131317095	103	9	25
11023.134955048	103	9	25
11023.138498587	103	9	25
11023.142105459	103	9	25
11023.145705211	103	9	25
11023.149243521	103	9	25
11023.152729117	102	17	26
11023.156194080	102	17	26
11023.159653125	102	17	26
11023.163156195	102	17	26
11023.167011369	102	17	26
11023.170911609	102	17	26
11023.174754370	102	17	26
11023.178541042	108	12	28
11023.182391138	108	12	28
11023.186096787	108	12	28
11023.189909534	108	12	28
11023.193758894	108	12	28
11023.197546539	108	12	28
11023.201375938	108	12	28
11023.205201885	102	15	29
11023.209046585	102	15	29
11023.212853869	102	15	29
11023.216634333	102	15	29
11023.220484108	102	15	29
11023.224520552	102	15	29
11023.228184542	102	15	29
11023.231855513	102	15	29
11023.235553559	102	15	29
11023.239222220	102	15	29
11023.242914423	102	15	29
11023.246483127	102	15	29
11023.250081578	102	15	29
11023.253626649	102	15	29
11023.257214210	104	13	23
11023.260820098	104	13	23
11023.264438028	104	13	23
11023.268003089	104	13	23
11023.271620473	104	13	23
11023.275236980	104	13	23
11023.278823173	104	13	23
11023.282421198	101	13	18
11023.285989491	101	13	18
11023.289629707	101	13	18
11023.293250343	101	13	18
11023.296744919	101	13	18
11023.300317747	101	13	18
11023.303958199	101	13	18
11023.307584327	101	13	18
11023.311269190	101	13	18
11023.314943588	101	13	18
11023.318583392	101	13	18
11023.322251988	104	9	24
11023.325813856	104	9	24
11023.329401929	104	9	24
11023.332986889	104	9	24
11023.336504377	104	9	24
11023.339974096	104	9	24
11023.343615856	104	9	24
11023.347368586	104	9	24
11023.351061056	104	9	24
11023.354868992	104	9	24
11023.358610367	104	9	24
11023.362357730	104	9	24
11023.366004699	104	9	24
11023.369617240	104	9	24
11023.373273196	104	9	24
11023.376888180	104	9	24
11023.380469928	104	9	24
11023.384167584	104	9	24
11023.387729407	103	12	24
11023.391361732	103	12	24
11023.395012051	103	12	24
11023.398650065	103	12	24
11023.402302739	103	12	24
11023.405898058	103	12	24
11023.409377795	103	12	24
11023.413019907	102	11	23
11023.416657828	102	11	23
11023.420241674	102	11	23
11023.423865642	102	11	23
11023.427387811	102	11	23
11023.430922332	102	11	23
11023.434613013	102	11	23
11023.438249327	102	11	23
11023.441889185	102	11	23
11023.445518876	102	11	23
11023.449148513	102	11	23
11023.452753218	105	15	28
11023.456314596	105	15	28
11023.459897915	105	15	28
11023.463600627	105	15	28
11023.467202903	105	15	28
11023.470851023	105	15	28
11023.474478811	105	15	28
11023.477967969	105	15	28
11023.481554919	105	15	28
11023.485227594	105	15	28
11023.488729932	105	15	28
11023.492257804	100	16	26
11023.495816594	100	16	26
11023.499437121	100	16	26
11023.503115172	100	16	26
11023.506718760	100	16	26
11023.510226050	100	16	26
11023.513825027	100	16	26
11023.517456656	100	16	26
11023.521039613	100	16	26
11023.524672304	100	16	26
11023.528326560	100	16	26
11023.532013606	100	16	26
11023.535686142	100	16	26
11023.539253728	100	16	26
11023.542884217	100	16	26
11023.546513012	100	16	26
11023.550140015	100	16	26
11023.553783647	100	16	26
11023.557282798	102	13	20
11023.560788448	102	13	20
11023.564326723	102	13	20
11023.567951889	102	13	20
11023.571562232	102	13	20
11023.575253773	102	13	20
11023.578874210	102	13	20
11023.582516547	102	13	20
11023.586131650	102	13	20
11023.589629323	102	13	20
11023.593287091	102	13	20
11023.596950875	101	17	26
11023.600633413	101	17	26
11023.604266933	101	17	26
11023.607854036	101	17	26
11023.611414772	101	17	26
11023.615010231	101	17	26
11023.618569162	101	17	26
11023.622141204	104	8	19
11023.625826782	104	8	19
11023.629365192	104	8	19
11023.632969959	104	8	19
11023.636759232	104	8	19
11023.640513023	104	8	19
11023.644315889	104	8	19
11023.648067406	104	8	19
11023.651759516	104	8	19
11023.655403936	104	8	19
11023.659117050	104	8	19
11023.662828930	104	8	19
11023.666474468	104	8	19
11023.670208422	104	8	19
11023.673970002	104	8	19
11023.677673277	104	8	19
11023.681288601	104	8	19
11023.684992812	104	8	19
11023.688707884	109	6	25
11023.692345457	109	6	25
11023.695998448	109	6	25
11023.699679668	109	6	25
11023.703392060	109	6	25
11023.706971275	109	6	25
11023.710674441	109	6	25
11023.714396286	103	13	22
11023.718114148	103	13	22
11023.721859314	103	13	22
11023.725611405	103	13	22
11023.729320463	103	13	22
11023.733018381	103	13	22
11023.736647151	103	13	22
11023.740338860	100	9	25
11023.744113894	100	9	25
11023.747859909	100	9	25
11023.751634877	100	9	25
11023.755286920	100	9	25
11023.758958509	100	9	25
11023.762652102	100	9	25
11023.766201918	107	12	26
11023.769719225	107	12	26
11023.773353701	107	12	26
11023.776996504	107	12	26
11023.780669180	107	12	26
11023.784294291	107	12	26
11023.787850381	107	12	26
11023.791389458	107	12	26
11023.795008365	107	12	26
11023.798501542	107	12	26
11023.802016780	107	12	26
11023.805616164	98	14	20
11023.809088492	98	14	20
11023.812730721	98	14	20
11023.816348559	98	14	20
11023.819878009	98	14	20
11023.823475488	98	14	20
11023.827009398	98	14	20
11023.830665179	98	14	20
11023.834353606	98	14	20
11023.837997131	98	14	20
11023.841675359	98	14	20
11023.845386466	102	9	24
11023.849021580	102	9	24
11023.852575971	102	9	24
11023.856129946	102	9	24
11023.859627389	102	9	24
11023.863263907	102	9	24
11023.866909409	102	9	24
11023.870466872	103	18	26
11023.874118043	103	18	26
11023.877665198	103	18	26
11023.881353392	103	18	26
11023.884988917	103	18	26
11023.888621631	103	18	26
11023.892285402	103	18	26
11023.895939012	103	18	26
11023.899474685	103	18	26
11023.903077331	103	18	26
11023.906514400	103	18	26
11023.909951554	99	13	25
11023.913448449	99	13	25
11023.917094562	99	13	25
11023.920668873	99	13	25
11023.924333359	99	13	25
11023.927939347	99	13	25
11023.931593149	99	13	25
11023.935175130	99	13	25
11023.938612614	99	13	25
11023.942158582	99	13	25
11023.945726614	99	13	25
11023.949303211	106	10	21
11023.952886482	106	10	21
11023.956366821	106	10	21
11023.959962806	106	10	21
11023.963561109	106	10	21
11023.967139693	106	10	21
11023.970737081	106	10	21
11023.974263766	106	10	21
11023.977822099	106	10	21
11023.981434612	106	10	21
11023.985018985	106	10	21
11023.988429773	104	11	28
11023.991965137	104	11	28
11023.995504895	104	11	28
11023.999097152	104	11	28
11024.002560907	104	11	28
11024.006145148	104	11	28
11024.009624634	104	11	28
11024.013006299	104	11	28
11024.016442219	104	11	28
11024.019876939	104	11	28
11024.023327273	104	11	28
11024.026875398	101	12	21
11024.030365419	101	12	21
11024.033752546	101	12	21
11024.037154928	101	12	21
11024.040608581	102	9	22
11024.044031454	102	9	22
11024.047446795	102	9	22
11024.050824887	102	9	22
11024.054215773	102	9	22
11024.057595949	102	9	22
11024.061054413	102	9	22
11024.064533473	102	9	22
11024.067982637	102	9	22
11024.071443626	102	9	22
11024.074948626	102	9	22
11024.078399552	102	9	22
11024.081876869	102	9	22
11024.085372973	102	9	22
11024.088867779	102	9	22
11024.092387346	103	13	22
11024.095771296	103	13	22
11024.099152440	103	13	22
11024.102557197	103	13	22
11024.106053251	106	14	27
11024.109506252	106	14	27
11024.112963924	106	14	27
11024.116346527	106	14	27
11024.119731178	106	14	27
11024.123161668	106	14	27
11024.126875090	106	14	27
11024.130734312	106	14	27
11024.134563801	106	14	27
11024.138398760	106	14	27
11024.142314538	106	14	27
11024.146267992	106	14	27
11024.150102305	106	14	27
11024.153986741	106	14	27
11024.157700567	106	14	27
11024.161413872	106	14	27
11024.165057155	106	14	27
11024.168740711	106	14	27
11024.172350939	106	14	27
11024.176012148	106	14	27
11024.179511840	106	14	27
11024.183256857	106	14	27
11024.186897370	106	14	27
11024.190531296	106	14	27
11024.194169373	106	14	27
11024.197716543	104	14	27
11024.201301984	104	14	27
11024.204969327	104	14	27
11024.208626767	104	14	27
11024.212218618	104	14	27
11024.215915431	104	14	27
11024.219613394	104	14	27
11024.223254206	100	17	23
11024.227025168	100	17	23
11024.230848468	100	17	23
11024.234380459	100	17	23
11024.237758676	100	17	23
11024.241092567	100	17	23
11024.244507929	100	17	23
11024.247913748	100	17	23
11024.251326148	100	17	23
11024.255150907	100	17	23
11024.259013867	100	17	23
11024.262780655	106	9	24
11024.266511607	106	9	24
11024.270359313	106	9	24
11024.274185996	106	9	24
11024.278040082	106	9	24
11024.281997993	106	9	24
11024.285879160	106	9	24
11024.289493978	106	9	24
11024.293087869	106	9	24
11024.296646871	106	9	24
11024.300257885	106	9	24
11024.303904631	106	9	24
11024.307495530	106	9	24
11024.311237301	106	9	24
11024.314891578	104	16	25
11024.318496765	104	16	25
11024.322120393	104	16	25
11024.325695291	104	16	25
11024.329350751	104	16	25
11024.332962352	104	16	25
11024.336602137	104	16	25
11024.340249209	104	16	25
11024.343881701	104	16	25
11024.347468036	104	16	25
11024.351056574	104	16	25
11024.354687735	104	7	23
11024.358243880	104	7	23
11024.361814588	104	7	23
11024.365362354	104	7	23
11024.368928457	104	7	23
11024.372617113	104	7	23
11024.376278577	104	7	23
11024.379952845	101	19	24
11024.383612590	101	19	24
11024.387146705	101	19	24
11024.390742951	101	19	24
11024.394278134	101	19	24
11024.397891043	101	19	24
11024.401522203	101	19	24
11024.405109063	101	19	24
11024.408747319	101	19	24
11024.412339246	101	19	24
11024.416020720	101	19	24
11024.419642975	105	11	22
11024.423281733	105	11	22
11024.426881988	105	11	22
11024.430530232	105	11	22
11024.434132231	105	11	22
11024.437736781	105	11	22
11024.441323711	105	11	22
11024.444907679	105	11	22
11024.448444551	105	11	22
11024.452020291	105	11	22
11024.455588609	105	11	22
11024.459225648	107	10	25
11024.462871055	107	10	25
11024.466376906	107	10	25
11024.469980063	107	10	25
11024.473559566	107	10	25
11024.477139796	107	10	25
11024.480782548	107	10	25
11024.484400137	103	18	27
11024.487981735	103	18	27
11024.491561103	103	18	27
11024.495137655	103	18	27
11024.498738376	103	18	27
11024.502347115	103	18	27
11024.505953780	103	18	27
11024.509581488	103	18	27
11024.513230759	103	18	27
11024.516743105	103	18	27
11024.520319782	103	18	27
11024.523964252	103	11	22
11024.527616069	103	11	22
11024.531243636	103	11	22
11024.534960466	103	11	22
11024.538617375	103	11	22
11024.542253897	103	11	22
11024.545856483	103	11	22
11024.549436237	103	15	21
11024.553012412	103	15	21
11024.556526277	103	15	21
11024.560148832	103	15	21
11024.563748015	103	15	21
11024.567261985	103	15	21
11024.570888349	103	15	21
11024.574505903	103	15	21
11024.578074507	103	15	21
11024.581679653	103	15	21
11024.585299934	103	15	21
11024.588873298	101	15	27
11024.592527045	101	15	27
11024.596086578	101	15	27
11024.599642948	101	15	27
11024.603149075	101	15	27
11024.606629760	101	15	27
11024.610104039	101	15	27
11024.613608277	101	15	27
11024.617086631	101	15	27
11024.620579758	101	15	27
11024.624064882	101	15	27
11024.627525090	101	15	27
11024.630995877	101	15	27
11024.634487406	101	15	27
11024.637950485	101	15	27
11024.641412377	100	14	21
11024.644900438	100	14	21
11024.648385723	100	14	21
11024.651880649	100	14	21
11024.655327973	100	14	21
11024.658794946	100	14	21
11024.662281629	100	14	21
11024.666036971	100	14	21
11024.669898558	100	14	21
11024.673779329	100	14	21
11024.677527675	100	14	21
11024.681349422	102	12	22
11024.685122965	102	12	22
11024.688936148	102	12	22
11024.692766876	102	12	22
11024.696505634	102	12	22
11024.700368941	102	12	22
11024.704228118	102	12	22
11024.708027550	102	12	22
11024.711850741	102	12	22
11024.715684611	102	12	22
11024.719530106	102	12	22
11024.723376349	102	12	22
11024.726987249	102	12	22
11024.730508700	102	12	22
