-179 -183 -69
-180 -184 -66
-181 -188 -73
-185 -183 -70
-179 -181 -70
-192 -188 -48
-182 -190 -58
-177 -193 -61
-180 -195 -58
-180 -192 -62
-179 -200 -62
-175 -200 -68
-171 -201 -70
-171 -220 -68
-159 -222 -66
-158 -234 -75
-151 -240 -69
-149 -244 -73
-143 -250 -74
-142 -252 -76
-133 -252 -76
-128 -255 -74
-129 -268 -71
-111 -274 -75
-109 -283 -78
-100 -289 -74
-95 -293 -76
-89 -295 -75
-82 -297 -77
-79 -306 -75
-73 -302 -74
-69 -298 -74
-61 -316 -74
-42 -322 -79
-36 -319 -77
-33 -328 -73
-28 -325 -77
-19 -332 -77
-14 -332 -77
-7 -332 -76
-2 -325 -77
-1 -336 -76
21 -341 -73
28 -338 -79
35 -344 -78
39 -347 -82
51 -336 -77
53 -340 -79
57 -334 -79
65 -340 -80
81 -345 -79
88 -353 -75
98 -351 -75
104 -347 -82
107 -346 -79
117 -339 -84
122 -334 -79
127 -331 -82
133 -336 -77
149 -334 -79
152 -332 -83
159 -334 -80
166 -325 -80
173 -319 -82
176 -320 -81
183 -320 -79
189 -303 -83
198 -313 -85
207 -306 -84
215 -306 -80
214 -300 -90
220 -296 -82
229 -290 -79
234 -287 -83
236 -274 -82
239 -268 -83
246 -275 -82
252 -267 -83
255 -264 -84
260 -254 -82
267 -251 -88
269 -246 -82
276 -233 -83
282 -233 -84
281 -225 -86
283 -225 -86
293 -214 -84
294 -212 -85
297 -206 -82
299 -200 -88
304 -195 -81
304 -185 -83
308 -175 -84
315 -175 -83
310 -162 -81
314 -155 -89
312 -150 -85
320 -146 -88
317 -136 -82
323 -131 -81
321 -122 -85
322 -116 -85
327 -115 -89
321 -104 -84
324 -92 -88
323 -88 -85
323 -79 -87
325 -77 -82
323 -68 -83
323 -58 -90
326 -50 -82
324 -52 -85
318 -36 -86
315 -29 -86
316 -24 -84
315 -18 -84
313 -7 -84
311 -4 -86
311 0 -83
308 8 -82
306 12 -83
300 28 -84
298 35 -82
295 39 -79
291 43 -83
286 52 -84
286 58 -85
280 61 -80
276 74 -81
275 74 -83
268 86 -82
260 94 -86
255 97 -80
253 107 -83
248 105 -79
244 109 -85
240 116 -79
236 121 -81
217 122 -76
223 133 -76
211 139 -79
207 142 -79
203 147 -79
194 154 -77
192 158 -76
183 165 -76
176 165 -80
173 164 -76
160 165 -76
152 174 -75
150 178 -77
141 180 -71
132 188 -73
128 185 -73
119 179 -70
114 182 -72
106 187 -69
101 189 -72
88 194 -74
81 198 -71
74 197 -70
69 199 -74
61 201 -77
58 196 -71
45 194 -72
43 196 -71
30 198 -66
23 198 -71
15 195 -71
9 196 -72
7 197 -67
-2 198 -70
-9 198 -66
-15 190 -67
-19 190 -69
-29 188 -71
-39 184 -71
-44 183 -68
-51 184 -63
-59 183 -69
-66 172 -68
-69 173 -65
-77 169 -67
-81 167 -66
-91 161 -71
-103 157 -68
-104 154 -66
-106 152 -69
-112 150 -71
-115 141 -66
-126 139 -69
-131 133 -69
-133 127 -65
-143 126 -67
-145 113 -66
-149 112 -63
-153 107 -66
-157 105 -67
-164 94 -63
-167 89 -66
-170 80 -64
-175 75 -67
-178 71 -65
-182 63 -63
-182 53 -69
-186 52 -67
-191 44 -63
-195 36 -68
-194 32 -66
-195 25 -65
-203 16 -63
-207 1 -64
-207 0 -63
-205 -9 -63
-207 -15 -66
-209 -22 -64
-210 -27 -66
-213 -36 -64
-209 -40 -63
-211 -45 -66
-218 -53 -65
-211 -71 -66
-211 -76 -67
-208 -83 -68
-208 -92 -63
-212 -96 -70
-206 -104 -70
-203 -111 -64
-205 -110 -70
-211 -124 -64
-201 -138 -68
-197 -144 -68
-202 -153 -69
-199 -156 -69
-194 -163 -68
-193 -168 -72
-189 -165 -69
-184 -171 -80
-178 -191 -71
-170 -203 -76
-169 -204 -71
-168 -210 -73
-168 -218 -74
-164 -216 -66
-157 -216 -70
-154 -227 -68
-155 -240 -74
-143 -247 -69
-138 -254 -73
-132 -260 -72
-126 -262 -72
-119 -267 -73
-120 -274 -73
-111 -276 -74
-108 -273 -78
-103 -288 -76
-94 -295 -73
-87 -296 -72
-78 -301 -85
-74 -302 -73
-71 -304 -76
-61 -304 -75
-56 -305 -76
-53 -305 -76
-50 -317 -77
-32 -324 -76
-30 -327 -78
-22 -330 -77
-15 -331 -75
-11 -330 -77
-2 -334 -75
-1 -326 -76
8 -326 -78
14 -333 -77
24 -339 -78
33 -343 -74
38 -347 -74
46 -344 -75
49 -343 -77
57 -339 -77
61 -337 -77
70 -329 -78
75 -344 -81
89 -344 -76
95 -344 -78
100 -340 -80
107 -341 -80
112 -345 -79
118 -338 -79
122 -330 -79
133 -328 -82
136 -329 -78
147 -331 -80
155 -331 -83
158 -330 -82
167 -327 -84
171 -327 -82
180 -318 -85
183 -311 -78
190 -308 -81
189 -311 -90
204 -306 -81
207 -305 -85
217 -303 -84
220 -298 -82
223 -295 -85
231 -287 -82
235 -278 -81
237 -274 -81
242 -278 -87
251 -270 -86
251 -265 -81
260 -261 -86
264 -255 -87
265 -254 -79
270 -242 -83
275 -233 -83
280 -236 -83
281 -226 -86
288 -225 -85
288 -217 -84
290 -210 -89
297 -206 -85
299 -199 -85
301 -191 -86
306 -182 -86
309 -187 -84
310 -176 -90
309 -166 -85
315 -161 -86
315 -155 -86
319 -148 -86
318 -139 -85
316 -133 -87
324 -125 -85
322 -125 -84
321 -113 -89
325 -108 -80
325 -100 -86
326 -94 -85
326 -86 -82
325 -82 -85
322 -74 -86
326 -61 -85
326 -61 -85
323 -49 -81
320 -50 -84
322 -38 -87
318 -36 -81
322 -28 -86
315 -21 -86
317 -17 -87
319 -14 -87
312 5 -90
309 6 -86
307 14 -83
301 15 -84
301 26 -81
297 36 -78
297 38 -81
291 45 -85
290 49 -85
281 59 -83
281 66 -86
276 70 -84
275 76 -83
267 85 -83
266 82 -82
260 90 -84
257 92 -83
248 101 -80
248 106 -79
239 117 -80
236 121 -79
232 123 -79
224 127 -80
222 132 -81
215 135 -82
211 137 -79
205 142 -81
201 149 -82
186 159 -80
183 158 -75
179 162 -77
168 168 -75
165 167 -80
163 170 -78
153 169 -79
145 171 -79
142 176 -76
129 184 -74
123 187 -77
118 187 -78
107 187 -76
103 188 -78
98 189 -73
91 192 -76
83 190 -76
82 188 -78
61 193 -77
61 199 -75
53 196 -72
45 195 -72
37 198 -73
30 201 -74
30 192 -72
20 192 -72
6 192 -74
5 194 -66
-5 192 -69
-12 190 -67
-16 188 -68
-23 188 -70
-32 187 -69
-35 183 -70
-42 178 -69
-47 177 -70
-60 175 -68
-69 170 -67
-71 173 -69
-76 167 -73
-80 164 -71
-91 159 -67
-89 156 -71
-96 154 -74
-106 153 -70
-114 146 -71
-115 144 -71
-121 135 -70
-126 135 -70
-132 126 -68
-136 122 -66
-142 118 -68
-144 112 -64
-145 111 -67
-155 103 -64
-160 100 -68
-162 96 -71
-166 86 -65
-171 85 -70
-173 77 -68
-178 71 -69
-178 66 -68
-180 60 -65
-188 51 -66
-194 48 -65
-191 43 -68
-195 35 -67
-198 25 -67
-199 21 -67
-202 9 -71
-203 7 -67
-203 1 -64
-207 -3 -66
-209 -8 -68
-211 -24 -70
-210 -31 -65
-213 -37 -65
-213 -46 -68
-210 -47 -69
-214 -58 -69
-213 -59 -69
-215 -66 -68
-215 -77 -66
-215 -94 -69
-210 -98 -64
-209 -102 -67
-207 -111 -67
-204 -111 -68
-205 -115 -66
-204 -123 -68
-208 -130 -69
-199 -149 -71
-196 -158 -66
-195 -161 -70
-192 -167 -71
-190 -170 -67
-189 -174 -68
-187 -173 -70
-185 -184 -71
-186 -196 -70
-176 -208 -73
-168 -213 -72
-166 -217 -78
-161 -218 -71
-161 -227 -70
-155 -235 -70
-152 -234 -72
-147 -238 -73
-142 -246 -74
-135 -259 -73
-129 -264 -72
-123 -268 -77
-118 -274 -75
-114 -277 -73
-112 -279 -76
-103 -280 -72
-102 -282 -80
-95 -296 -72
-91 -294 -76
-77 -304 -78
-73 -309 -82
-66 -311 -76
-62 -308 -77
-58 -317 -74
-48 -315 -77
-47 -309 -76
-41 -312 -75
-35 -320 -76
-22 -328 -75
-13 -331 -80
-12 -330 -80
-1 -333 -77
0 -334 -79
5 -332 -74
14 -332 -77
16 -334 -79
26 -340 -80
36 -339 -79
42 -348 -79
51 -341 -80
52 -340 -79
61 -336 -79
67 -340 -81
73 -337 -78
83 -328 -79
82 -341 -79
96 -342 -78
103 -343 -81
109 -341 -79
116 -341 -78
120 -338 -82
124 -334 -78
132 -332 -80
138 -320 -85
141 -332 -85
152 -332 -78
158 -334 -84
167 -326 -83
171 -323 -83
178 -319 -84
179 -313 -82
184 -311 -81
190 -312 -80
195 -306 -84
204 -305 -83
210 -302 -80
216 -300 -84
221 -296 -89
229 -287 -84
233 -287 -85
233 -280 -85
239 -282 -84
248 -271 -88
254 -269 -89
259 -266 -88
260 -259 -86
261 -258 -84
267 -251 -87
270 -246 -88
274 -229 -88
280 -238 -88
288 -224 -87
284 -221 -86
289 -220 -87
293 -215 -85
292 -208 -85
295 -199 -85
299 -195 -88
304 -187 -85
304 -185 -85
309 -172 -87
310 -162 -89
313 -162 -85
312 -158 -88
317 -152 -88
319 -147 -86
319 -138 -82
321 -134 -83
319 -126 -87
324 -119 -88
326 -111 -85
322 -105 -83
322 -95 -85
325 -88 -81
323 -83 -86
325 -79 -88
323 -71 -82
321 -64 -83
325 -65 -86
318 -43 -86
324 -39 -84
318 -37 -82
321 -28 -85
317 -26 -79
319 -19 -84
317 -13 -81
315 -8 -82
316 0 -84
313 4 -83
308 16 -84
304 24 -82
303 26 -82
298 32 -80
294 39 -82
292 44 -81
292 47 -79
291 55 -81
287 55 -77
278 70 -78
273 75 -81
271 83 -80
269 86 -78
265 89 -80
262 95 -77
254 97 -82
253 103 -80
247 108 -81
245 112 -79
236 121 -80
231 125 -78
225 133 -79
221 135 -81
218 137 -78
212 143 -80
207 139 -77
203 148 -76
195 151 -78
191 156 -78
181 164 -75
172 167 -77
167 167 -78
163 169 -72
157 176 -73
153 172 -76
147 177 -75
144 175 -77
127 186 -75
118 189 -75
114 188 -71
107 189 -77
100 191 -75
96 190 -70
88 190 -70
77 190 -70
79 200 -68
64 201 -70
55 200 -67
55 197 -74
47 202 -65
40 194 -67
32 193 -70
27 192 -71
20 192 -69
