-179 -69 -183
-180 -66 -184
-181 -73 -188
-185 -70 -183
-179 -70 -181
-192 -48 -188
-182 -58 -190
-177 -61 -193
-180 -58 -195
-180 -62 -192
-179 -62 -200
-175 -68 -200
-171 -70 -201
-171 -68 -220
-159 -66 -222
-158 -75 -234
-151 -69 -240
-149 -73 -244
-143 -74 -250
-142 -76 -252
-133 -76 -252
-128 -74 -255
-129 -71 -268
-111 -75 -274
-109 -78 -283
-100 -74 -289
-95 -76 -293
-89 -75 -295
-82 -77 -297
-79 -75 -306
-73 -74 -302
-69 -74 -298
-61 -74 -316
-42 -79 -322
-36 -77 -319
-33 -73 -328
-28 -77 -325
-19 -77 -332
-14 -77 -332
-7 -76 -332
-2 -77 -325
-1 -76 -336
21 -73 -341
28 -79 -338
35 -78 -344
39 -82 -347
51 -77 -336
53 -79 -340
57 -79 -334
65 -80 -340
81 -79 -345
88 -75 -353
98 -75 -351
104 -82 -347
107 -79 -346
117 -84 -339
122 -79 -334
127 -82 -331
133 -77 -336
149 -79 -334
152 -83 -332
159 -80 -334
166 -80 -325
173 -82 -319
176 -81 -320
183 -79 -320
189 -83 -303
198 -85 -313
207 -84 -306
215 -80 -306
214 -90 -300
220 -82 -296
229 -79 -290
234 -83 -287
236 -82 -274
239 -83 -268
246 -82 -275
252 -83 -267
255 -84 -264
260 -82 -254
267 -88 -251
269 -82 -246
276 -83 -233
282 -84 -233
281 -86 -225
283 -86 -225
293 -84 -214
294 -85 -212
297 -82 -206
299 -88 -200
304 -81 -195
304 -83 -185
308 -84 -175
315 -83 -175
310 -81 -162
314 -89 -155
312 -85 -150
320 -88 -146
317 -82 -136
323 -81 -131
321 -85 -122
322 -85 -116
327 -89 -115
321 -84 -104
324 -88 -92
323 -85 -88
323 -87 -79
325 -82 -77
323 -83 -68
323 -90 -58
326 -82 -50
324 -85 -52
318 -86 -36
315 -86 -29
316 -84 -24
315 -84 -18
313 -84 -7
311 -86 -4
311 -83 0
308 -82 8
306 -83 12
300 -84 28
298 -82 35
295 -79 39
291 -83 43
286 -84 52
286 -85 58
280 -80 61
276 -81 74
275 -83 74
268 -82 86
260 -86 94
255 -80 97
253 -83 107
248 -79 105
244 -85 109
240 -79 116
236 -81 121
217 -76 122
223 -76 133
211 -79 139
207 -79 142
203 -79 147
194 -77 154
192 -76 158
183 -76 165
176 -80 165
173 -76 164
160 -76 165
152 -75 174
150 -77 178
141 -71 180
132 -73 188
128 -73 185
119 -70 179
114 -72 182
106 -69 187
101 -72 189
88 -74 194
81 -71 198
74 -70 197
69 -74 199
61 -77 201
58 -71 196
45 -72 194
43 -71 196
30 -66 198
23 -71 198
15 -71 195
9 -72 196
7 -67 197
-2 -70 198
-9 -66 198
-15 -67 190
-19 -69 190
-29 -71 188
-39 -71 184
-44 -68 183
-51 -63 184
-59 -69 183
-66 -68 172
-69 -65 173
-77 -67 169
-81 -66 167
-91 -71 161
-103 -68 157
-104 -66 154
-106 -69 152
-112 -71 150
-115 -66 141
-126 -69 139
-131 -69 133
-133 -65 127
-143 -67 126
-145 -66 113
-149 -63 112
-153 -66 107
-157 -67 105
-164 -63 94
-167 -66 89
-170 -64 80
-175 -67 75
-178 -65 71
-182 -63 63
-182 -69 53
-186 -67 52
-191 -63 44
-195 -68 36
-194 -66 32
-195 -65 25
-203 -63 16
-207 -64 1
-207 -63 0
-205 -63 -9
-207 -66 -15
-209 -64 -22
-210 -66 -27
-213 -64 -36
-209 -63 -40
-211 -66 -45
-218 -65 -53
-211 -66 -71
-211 -67 -76
-208 -68 -83
-208 -63 -92
-212 -70 -96
-206 -70 -104
-203 -64 -111
-205 -70 -110
-211 -64 -124
-201 -68 -138
-197 -68 -144
-202 -69 -153
-199 -69 -156
-194 -68 -163
-193 -72 -168
-189 -69 -165
-184 -80 -171
-178 -71 -191
-170 -76 -203
-169 -71 -204
-168 -73 -210
-168 -74 -218
-164 -66 -216
-157 -70 -216
-154 -68 -227
-155 -74 -240
-143 -69 -247
-138 -73 -254
-132 -72 -260
-126 -72 -262
-119 -73 -267
-120 -73 -274
-111 -74 -276
-108 -78 -273
-103 -76 -288
-94 -73 -295
-87 -72 -296
-78 -85 -301
-74 -73 -302
-71 -76 -304
-61 -75 -304
-56 -76 -305
-53 -76 -305
-50 -77 -317
-32 -76 -324
-30 -78 -327
-22 -77 -330
-15 -75 -331
-11 -77 -330
-2 -75 -334
-1 -76 -326
8 -78 -326
14 -77 -333
24 -78 -339
33 -74 -343
38 -74 -347
46 -75 -344
49 -77 -343
57 -77 -339
61 -77 -337
70 -78 -329
75 -81 -344
89 -76 -344
95 -78 -344
100 -80 -340
107 -80 -341
112 -79 -345
118 -79 -338
122 -79 -330
133 -82 -328
136 -78 -329
147 -80 -331
155 -83 -331
158 -82 -330
167 -84 -327
171 -82 -327
180 -85 -318
183 -78 -311
190 -81 -308
189 -90 -311
204 -81 -306
207 -85 -305
217 -84 -303
220 -82 -298
223 -85 -295
231 -82 -287
235 -81 -278
237 -81 -274
242 -87 -278
251 -86 -270
251 -81 -265
260 -86 -261
264 -87 -255
265 -79 -254
270 -83 -242
275 -83 -233
280 -83 -236
281 -86 -226
288 -85 -225
288 -84 -217
290 -89 -210
297 -85 -206
299 -85 -199
301 -86 -191
306 -86 -182
309 -84 -187
310 -90 -176
309 -85 -166
315 -86 -161
315 -86 -155
319 -86 -148
318 -85 -139
316 -87 -133
324 -85 -125
322 -84 -125
321 -89 -113
325 -80 -108
325 -86 -100
326 -85 -94
326 -82 -86
325 -85 -82
322 -86 -74
326 -85 -61
326 -85 -61
323 -81 -49
320 -84 -50
322 -87 -38
318 -81 -36
322 -86 -28
315 -86 -21
317 -87 -17
319 -87 -14
312 -90 5
309 -86 6
307 -83 14
301 -84 15
301 -81 26
297 -78 36
297 -81 38
291 -85 45
290 -85 49
281 -83 59
281 -86 66
276 -84 70
275 -83 76
267 -83 85
266 -82 82
260 -84 90
257 -83 92
248 -80 101
248 -79 106
239 -80 117
236 -79 121
232 -79 123
224 -80 127
222 -81 132
215 -82 135
211 -79 137
205 -81 142
201 -82 149
186 -80 159
183 -75 158
179 -77 162
168 -75 168
165 -80 167
163 -78 170
153 -79 169
145 -79 171
142 -76 176
129 -74 184
123 -77 187
118 -78 187
107 -76 187
103 -78 188
98 -73 189
91 -76 192
83 -76 190
82 -78 188
61 -77 193
61 -75 199
53 -72 196
45 -72 195
37 -73 198
30 -74 201
30 -72 192
20 -72 192
6 -74 192
5 -66 194
-5 -69 192
-12 -67 190
-16 -68 188
-23 -70 188
-32 -69 187
-35 -70 183
-42 -69 178
-47 -70 177
-60 -68 175
-69 -67 170
-71 -69 173
-76 -73 167
-80 -71 164
-91 -67 159
-89 -71 156
-96 -74 154
-106 -70 153
-114 -71 146
-115 -71 144
-121 -70 135
-126 -70 135
-132 -68 126
-136 -66 122
-142 -68 118
-144 -64 112
-145 -67 111
-155 -64 103
-160 -68 100
-162 -71 96
-166 -65 86
-171 -70 85
-173 -68 77
-178 -69 71
-178 -68 66
-180 -65 60
-188 -66 51
-194 -65 48
-191 -68 43
-195 -67 35
-198 -67 25
-199 -67 21
-202 -71 9
-203 -67 7
-203 -64 1
-207 -66 -3
-209 -68 -8
-211 -70 -24
-210 -65 -31
-213 -65 -37
-213 -68 -46
-210 -69 -47
-214 -69 -58
-213 -69 -59
-215 -68 -66
-215 -66 -77
-215 -69 -94
-210 -64 -98
-209 -67 -102
-207 -67 -111
-204 -68 -111
-205 -66 -115
-204 -68 -123
-208 -69 -130
-199 -71 -149
-196 -66 -158
-195 -70 -161
-192 -71 -167
-190 -67 -170
-189 -68 -174
-187 -70 -173
-185 -71 -184
-186 -70 -196
-176 -73 -208
-168 -72 -213
-166 -78 -217
-161 -71 -218
-161 -70 -227
-155 -70 -235
-152 -72 -234
-147 -73 -238
-142 -74 -246
-135 -73 -259
-129 -72 -264
-123 -77 -268
-118 -75 -274
-114 -73 -277
-112 -76 -279
-103 -72 -280
-102 -80 -282
-95 -72 -296
-91 -76 -294
-77 -78 -304
-73 -82 -309
-66 -76 -311
-62 -77 -308
-58 -74 -317
-48 -77 -315
-47 -76 -309
-41 -75 -312
-35 -76 -320
-22 -75 -328
-13 -80 -331
-12 -80 -330
-1 -77 -333
0 -79 -334
5 -74 -332
14 -77 -332
16 -79 -334
26 -80 -340
36 -79 -339
42 -79 -348
51 -80 -341
52 -79 -340
61 -79 -336
67 -81 -340
73 -78 -337
83 -79 -328
82 -79 -341
96 -78 -342
103 -81 -343
109 -79 -341
116 -78 -341
120 -82 -338
124 -78 -334
132 -80 -332
138 -85 -320
141 -85 -332
152 -78 -332
158 -84 -334
167 -83 -326
171 -83 -323
178 -84 -319
179 -82 -313
184 -81 -311
190 -80 -312
195 -84 -306
204 -83 -305
210 -80 -302
216 -84 -300
221 -89 -296
229 -84 -287
233 -85 -287
233 -85 -280
239 -84 -282
248 -88 -271
254 -89 -269
259 -88 -266
260 -86 -259
261 -84 -258
267 -87 -251
270 -88 -246
274 -88 -229
280 -88 -238
288 -87 -224
284 -86 -221
289 -87 -220
293 -85 -215
292 -85 -208
295 -85 -199
299 -88 -195
304 -85 -187
304 -85 -185
309 -87 -172
310 -89 -162
313 -85 -162
312 -88 -158
317 -88 -152
319 -86 -147
319 -82 -138
321 -83 -134
319 -87 -126
324 -88 -119
326 -85 -111
322 -83 -105
322 -85 -95
325 -81 -88
323 -86 -83
325 -88 -79
323 -82 -71
321 -83 -64
325 -86 -65
318 -86 -43
324 -84 -39
318 -82 -37
321 -85 -28
317 -79 -26
319 -84 -19
317 -81 -13
315 -82 -8
316 -84 0
313 -83 4
308 -84 16
304 -82 24
303 -82 26
298 -80 32
294 -82 39
292 -81 44
292 -79 47
291 -81 55
287 -77 55
278 -78 70
273 -81 75
271 -80 83
269 -78 86
265 -80 89
262 -77 95
254 -82 97
253 -80 103
247 -81 108
245 -79 112
236 -80 121
231 -78 125
225 -79 133
221 -81 135
218 -78 137
212 -80 143
207 -77 139
203 -76 148
195 -78 151
191 -78 156
181 -75 164
172 -77 167
167 -78 167
163 -72 169
157 -73 176
153 -76 172
147 -75 177
144 -77 175
127 -75 186
118 -75 189
114 -71 188
107 -77 189
100 -75 191
96 -70 190
88 -70 190
77 -70 190
79 -68 200
64 -70 201
55 -67 200
55 -74 197
47 -65 202
40 -67 194
32 -70 193
27 -71 192
20 -69 192
