HMC5883L logger
Gera log de saídas da bússola na saída padrão.
A saída pode ser visualizada com algum programa que plote gráficos
ou processada para calcular deslocamentos/rotações para corrigir o
campo magnético recebido da bússola
12142.446522320	104	8	24
12142.450288042	104	8	24
12142.453995408	104	8	24
12142.457595204	104	8	24
12142.461146401	104	8	24
12142.464855720	104	8	24
12142.468460589	104	8	24
12142.472163930	104	8	24
12142.475909731	104	8	24
12142.479497482	104	8	24
12142.482993737	100	9	24
12142.486516411	100	9	24
12142.490033573	100	9	24
12142.493560091	100	9	24
12142.497073825	100	9	24
12142.500707127	100	9	24
12142.504412691	100	9	24
12142.508359191	100	9	24
12142.512114766	100	9	24
12142.515888372	100	9	24
12142.519608720	100	9	24
12142.523366891	100	9	24
12142.527131816	100	9	24
12142.530904045	100	9	24
12142.534671430	100	9	24
12142.538414802	100	9	24
12142.542080850	100	9	24
12142.545865085	100	9	24
12142.549599777	100	9	24
12142.553341569	100	9	24
12142.557115091	100	9	24
12142.560858259	103	15	21
12142.564616126	103	15	21
12142.568372380	103	15	21
12142.572149476	103	15	21
12142.575838080	103	15	21
12142.579592878	103	15	21
12142.583355923	103	15	21
12142.587024394	98	11	21
12142.590798303	98	11	21
12142.594561593	98	11	21
12142.598313682	98	11	21
12142.602078510	98	11	21
12142.605843987	98	11	21
12142.609592582	98	11	21
12142.613351836	102	6	24
12142.616936863	102	6	24
12142.620648129	102	6	24
12142.624389121	102	6	24
12142.628125134	102	6	24
12142.631872767	102	6	24
12142.635569255	102	6	24
12142.639336611	104	7	25
12142.643094349	104	7	25
12142.646867047	104	7	25
12142.650629965	104	7	25
12142.654267592	104	7	25
12142.657966126	104	7	25
12142.661732908	104	7	25
12142.665491561	101	10	24
12142.669238381	101	10	24
12142.672898892	101	10	24
12142.676659451	101	10	24
12142.680386702	101	10	24
12142.684141276	101	10	24
12142.687822344	101	10	24
12142.691599082	99	10	25
12142.695350985	99	10	25
12142.699126147	99	10	25
12142.702875160	99	10	25
12142.706628187	99	10	25
12142.710360121	99	10	25
12142.714122836	99	10	25
12142.717846943	103	8	25
12142.721613405	103	8	25
12142.725377190	103	8	25
12142.729140127	103	8	25
12142.732914059	103	8	25
12142.736679358	103	8	25
12142.740420428	103	8	25
12142.744173526	101	12	25
12142.747940918	101	12	25
12142.751703954	101	12	25
12142.755466553	101	12	25
12142.759230993	101	12	25
12142.762901539	101	12	25
12142.766658129	101	12	25
12142.770389383	103	9	27
12142.774147905	103	9	27
12142.777905912	103	9	27
12142.781662368	103	9	27
12142.785422954	103	9	27
12142.789328544	103	9	27
12142.793252554	103	9	27
12142.797080599	103	9	27
12142.800983396	103	9	27
12142.804893895	103	9	27
12142.808827794	103	9	27
12142.812748993	103	9	27
12142.816671270	103	9	27
12142.820533709	103	9	27
12142.824406923	103	9	27
12142.828339013	103	9	27
12142.832244461	103	9	27
12142.836190774	98	4	20
12142.840094261	98	4	20
12142.844005986	98	4	20
12142.847930695	98	4	20
12142.851796635	98	4	20
12142.855700273	98	4	20
12142.859628071	98	4	20
12142.863547246	98	4	20
12142.867479644	98	4	20
12142.871391662	98	4	20
12142.875309279	98	7	22
12142.879220540	98	7	22
12142.883153525	98	7	22
12142.887031435	98	7	22
12142.890946090	98	7	22
12142.894868246	98	7	22
12142.898806747	98	7	22
12142.902721727	98	7	22
12142.906648837	98	7	22
12142.910447630	98	7	22
12142.914367394	97	12	20
12142.918272730	97	12	20
12142.922269353	97	12	20
12142.926201296	97	12	20
12142.930113056	97	12	20
12142.934015376	97	12	20
12142.937947262	97	12	20
12142.941854759	97	12	20
12142.945729062	97	12	20
12142.949681445	97	12	20
12142.953591498	100	12	23
12142.957512047	100	12	23
12142.961423802	100	12	23
12142.965356667	100	12	23
12142.969281407	100	12	23
12142.973206842	100	12	23
12142.977043695	100	12	23
12142.980987798	100	12	23
12142.984891544	100	12	23
12142.988813246	100	12	23
12142.992887534	100	8	27
12142.997063297	100	8	27
12143.000890928	100	8	27
12143.004697030	100	8	27
12143.008455160	100	8	27
12143.012324473	100	8	27
12143.016075366	100	8	27
12143.019741885	100	8	27
12143.023397745	100	8	27
12143.026977330	100	8	27
12143.030588170	100	8	27
12143.034124861	100	8	27
12143.037682895	100	8	27
12143.041257848	100	8	27
12143.044772129	102	11	26
12143.048295078	102	11	26
12143.051812010	102	11	26
12143.055332970	102	11	26
12143.058837997	102	11	26
12143.062337101	102	11	26
12143.065857585	102	11	26
12143.069846456	102	11	26
12143.073682992	102	11	26
12143.077613305	102	11	26
12143.081368158	102	11	26
12143.085131719	102	11	26
12143.088882827	102	11	26
12143.092643648	102	11	26
12143.096385146	102	15	24
12143.100140014	102	15	24
12143.103903618	102	15	24
12143.107642887	102	15	24
12143.111387692	102	15	24
12143.115117235	102	15	24
12143.118851468	102	15	24
12143.122619187	99	14	18
12143.126393920	99	14	18
12143.130188547	99	14	18
12143.133944963	99	14	18
12143.137641975	99	14	18
12143.141406903	99	14	18
12143.145162312	99	14	18
12143.148903142	100	10	24
12143.152670312	100	10	24
12143.156411992	100	10	24
12143.160171135	100	10	24
12143.163936247	100	10	24
12143.167611568	100	10	24
12143.171379446	100	10	24
12143.175134715	98	11	26
12143.178879779	98	11	26
12143.182636602	98	11	26
12143.186368139	98	11	26
12143.190125268	98	11	26
12143.193863185	98	11	26
12143.197533691	98	11	26
12143.201286829	97	14	21
12143.205047083	97	14	21
12143.208749490	97	14	21
12143.212510139	97	14	21
12143.216251793	97	14	21
12143.220010218	97	14	21
12143.223747083	97	14	21
12143.227478305	99	10	21
12143.231212690	99	10	21
12143.234969030	99	10	21
12143.238727295	99	10	21
12143.242497966	99	10	21
12143.246246128	99	10	21
12143.250005970	99	10	21
12143.253745744	101	14	26
12143.257498936	101	14	26
12143.261270912	101	14	26
12143.265042505	101	14	26
12143.268820927	101	14	26
12143.272576448	101	14	26
12143.276215077	101	14	26
12143.279997513	101	8	27
12143.283735558	101	8	27
12143.287502621	101	8	27
12143.291277181	101	8	27
12143.295059345	101	8	27
12143.298838867	101	8	27
12143.302598276	101	8	27
12143.306324366	101	8	27
12143.310087313	101	8	27
12143.313846839	101	8	27
12143.317615613	101	8	27
12143.321295857	101	8	27
12143.324979063	101	8	27
12143.328663044	101	8	27
12143.332304567	101	8	27
12143.335873195	101	8	27
12143.339468264	101	8	27
12143.343092378	101	8	27
12143.346852085	101	8	27
12143.350642140	101	8	27
12143.354198947	101	8	27
12143.357782915	100	12	22
12143.361360414	100	12	22
12143.364935292	100	12	22
12143.368509453	100	12	22
12143.372085574	100	12	22
12143.375653775	100	12	22
12143.379332731	100	12	22
12143.382986924	100	12	22
12143.386619516	100	12	22
12143.390185433	100	12	22
12143.393827232	100	12	22
12143.397543190	100	4	21
12143.401219508	100	4	21
12143.404952012	100	4	21
12143.408669398	100	4	21
12143.412304914	100	4	21
12143.415889754	100	4	21
12143.419477767	100	4	21
12143.423109809	98	11	22
12143.426801518	98	11	22
12143.430475485	98	11	22
12143.434104489	98	11	22
12143.437700470	98	11	22
12143.441283456	98	11	22
12143.444832710	98	11	22
12143.448419696	98	11	22
12143.452004526	98	11	22
12143.455584784	98	11	22
12143.459263202	98	11	22
12143.462908705	98	11	22
12143.466538243	98	11	22
12143.470130640	98	11	22
12143.473663888	98	11	22
12143.477321104	98	11	22
12143.480949368	98	11	22
12143.484625010	98	11	22
12143.488297472	103	13	28
12143.492029264	103	13	28
12143.495659743	103	13	28
12143.499271405	103	13	28
12143.502854386	103	13	28
12143.506477256	103	13	28
12143.510142127	103	13	28
12143.513811395	103	13	28
12143.517430017	103	13	28
12143.521012577	103	13	28
12143.524580981	103	13	28
12143.528164388	103	13	28
12143.531750140	103	13	28
12143.535338859	103	13	28
12143.538892291	103	13	28
12143.542555078	103	13	28
12143.546224109	103	13	28
12143.549857171	103	13	28
12143.553447323	104	10	22
12143.557026050	104	10	22
12143.560666185	104	10	22
12143.564321315	104	10	22
12143.567998832	104	10	22
12143.571689851	104	10	22
12143.575364390	104	10	22
12143.578961643	104	10	22
12143.582551485	104	10	22
12143.586141432	104	10	22
12143.589999817	104	10	22
12143.593977698	104	10	22
12143.597669451	104	10	22
12143.601385659	104	10	22
12143.605127300	104	10	22
12143.608807240	104	10	22
12143.612496297	104	10	22
12143.616245843	104	10	22
12143.620005728	104	10	22
12143.623700856	104	10	22
12143.627332369	104	10	22
12143.630909191	104	10	22
12143.634429276	104	10	22
12143.637950466	104	10	22
12143.641442506	104	10	22
12143.644966293	99	7	25
12143.648319502	99	7	25
12143.651656898	99	7	25
12143.654994128	99	7	25
12143.658331519	99	11	20
12143.661690430	99	11	20
12143.665033532	99	11	20
12143.668517108	99	11	20
12143.672155416	99	11	20
12143.675824355	99	11	20
12143.679452548	99	11	20
12143.683033861	99	11	20
12143.686628333	99	11	20
12143.690422086	99	11	20
12143.694402900	99	11	20
12143.698355478	101	2	24
12143.702270092	101	2	24
12143.706242887	101	2	24
12143.710216661	101	2	24
12143.714155537	101	2	24
12143.718082781	101	2	24
12143.722010399	101	2	24
12143.725922488	101	2	24
12143.729853798	101	2	24
12143.733727360	101	2	24
12143.737654546	101	2	24
12143.741578987	101	2	24
12143.745531760	101	2	24
12143.749368831	101	2	24
12143.753281788	101	2	24
12143.757141029	101	2	24
12143.761078425	101	2	24
12143.764993217	101	2	24
12143.768918835	101	2	24
12143.772823913	101	2	24
12143.776757215	102	17	26
12143.780692717	102	17	26
12143.784611640	102	17	26
12143.788518192	102	17	26
12143.792431065	102	17	26
12143.796324156	102	17	26
12143.800267329	102	17	26
12143.804193678	102	17	26
12143.808122431	102	17	26
12143.812025976	102	17	26
12143.815812609	104	17	25
12143.819667617	104	17	25
12143.823599787	104	17	25
12143.827518095	104	17	25
12143.831432576	104	17	25
12143.835369517	104	17	25
12143.839284226	104	17	25
12143.843164875	104	17	25
12143.847040789	104	17	25
12143.850994225	104	17	25
12143.854944365	103	12	21
12143.858947751	103	12	21
12143.862838778	103	12	21
12143.866790308	103	12	21
12143.870699123	103	12	21
12143.874548199	103	12	21
12143.878445846	103	12	21
12143.882231101	103	12	21
12143.886133173	103	12	21
12143.890060443	103	12	21
12143.893985838	99	8	27
12143.897841422	99	8	27
12143.901728801	99	8	27
12143.905587218	99	8	27
12143.909504853	99	8	27
12143.913363399	99	8	27
12143.917256388	99	8	27
12143.921062049	99	8	27
12143.924957178	99	8	27
12143.928826698	99	8	27
12143.932716851	105	10	25
12143.936551522	105	10	25
12143.940339754	105	10	25
12143.944209019	105	10	25
12143.948102363	105	10	25
12143.951974134	105	10	25
12143.955871317	105	10	25
12143.959693596	105	10	25
12143.963524288	105	10	25
12143.967375883	105	10	25
12143.971256283	105	10	25
12143.975106690	105	10	25
12143.978920630	105	10	25
12143.982764638	105	10	25
12143.986621815	105	10	25
12143.990488284	105	10	25
12143.994383402	105	10	25
12143.998279333	97	14	22
12144.002064134	97	14	22
12144.005702759	97	14	22
12144.009270039	97	14	22
12144.012877549	97	14	22
12144.016551890	97	14	22
12144.020284386	97	14	22
12144.023922664	103	8	24
12144.027518853	103	8	24
12144.031144068	103	8	24
12144.034776226	103	8	24
12144.038390438	103	8	24
12144.042100954	103	8	24
12144.045811802	103	8	24
12144.049491919	103	8	24
12144.053229955	103	8	24
12144.057035240	103	8	24
12144.060811273	103	8	24
12144.064637556	103	8	24
12144.068393682	103	8	24
12144.072547520	103	8	24
12144.076675433	96	9	25
12144.080753912	96	9	25
12144.084969142	96	9	25
12144.089048839	96	9	25
12144.092700069	96	9	25
12144.096193312	96	9	25
12144.099913429	96	9	25
12144.103601575	96	9	25
12144.107282875	96	9	25
12144.110935229	96	9	25
12144.114507543	96	9	25
12144.118097524	96	9	25
12144.121681568	96	9	25
12144.125260851	96	9	25
12144.128821506	99	15	26
12144.132425435	99	15	26
12144.136104726	99	15	26
12144.139815399	99	15	26
12144.143531426	99	15	26
12144.147223796	99	15	26
12144.150805505	99	15	26
12144.154383996	103	9	21
12144.158076709	103	9	21
12144.161756731	103	9	21
12144.165436925	103	9	21
12144.169062430	103	9	21
12144.172651530	103	9	21
12144.176201842	103	9	21
12144.179834193	103	9	21
12144.183423200	103	9	21
12144.186991923	103	9	21
12144.190654756	103	9	21
12144.194605468	100	9	21
12144.198636512	100	9	21
12144.202730046	100	9	21
12144.206555000	100	9	21
12144.210340255	100	9	21
12144.214087032	100	9	21
12144.217826122	100	9	21
12144.221483810	100	9	21
12144.225252487	100	9	21
12144.228882093	100	9	21
12144.232632387	101	11	24
12144.236358266	101	11	24
12144.240195483	101	11	24
12144.243954641	101	11	24
12144.247623553	101	11	24
12144.251383386	101	11	24
12144.255145210	101	11	24
12144.258903847	99	10	22
12144.262660582	99	10	22
12144.266130474	99	10	22
