HMC5883L logger
Gera log de saídas da bússola na saída padrão.
A saída pode ser visualizada com algum programa que plote gráficos
ou processada para calcular deslocamentos/rotações para corrigir o
campo magnético recebido da bússola
12833.381244210	89	9	42
12833.388940962	89	9	42
12833.396256962	89	9	42
12833.403589631	89	9	42
12833.410889450	89	9	42
12833.418279186	89	9	42
12833.425565427	89	9	42
12833.432841720	104	8	26
12833.440086305	104	8	26
12833.449799634	103	12	26
12833.457028118	103	12	26
12833.464270521	103	12	26
12833.471451531	103	12	26
12833.478672001	103	12	26
12833.485934565	104	3	28
12833.493166040	104	3	28
12833.500424153	104	3	28
12833.507663068	104	3	28
12833.514968559	104	3	28
12833.522201729	104	3	28
12833.529449383	104	3	28
12833.536690654	104	3	28
12833.543931769	104	3	28
12833.551185793	102	1	32
12833.558412633	102	1	32
12833.565663483	102	1	32
12833.572896520	102	1	32
12833.580127510	102	1	32
12833.587336763	102	1	32
12833.594565635	102	1	32
12833.601808416	102	1	32
12833.609042568	102	1	32
12833.616295685	102	3	29
12833.623472123	102	3	29
12833.630699158	102	3	29
12833.637881566	102	3	29
12833.645113183	102	3	29
12833.652358903	102	3	29
12833.659598170	102	3	29
12833.666837786	102	3	29
12833.674073478	102	3	29
12833.681302966	107	8	29
12833.688471123	107	8	29
12833.698152920	105	11	29
12833.705392790	105	11	29
12833.712621717	105	11	29
12833.719911219	105	11	29
12833.727144525	105	11	29
12833.734393664	105	9	26
12833.741615746	105	9	26
12833.748868796	105	9	26
12833.756102111	105	9	26
12833.763335749	105	9	26
12833.770582168	105	9	26
12833.777826161	105	9	26
12833.785081924	105	9	26
12833.792312018	105	9	26
12833.799564664	104	6	30
12833.806761750	104	6	30
12833.813996035	104	6	30
12833.821261267	104	6	30
12833.828492129	104	6	30
12833.835741593	104	6	30
12833.842976308	104	6	30
12833.850224967	104	6	30
12833.857455070	104	6	30
12833.864690587	103	15	31
12833.871865635	103	15	31
12833.879093715	98	8	27
12833.886346642	98	8	27
12833.893582044	98	8	27
12833.900824275	98	8	27
12833.908062523	98	8	27
12833.915299380	98	8	27
12833.922539195	98	8	27
12833.929873244	104	10	24
12833.937118956	104	10	24
12833.944336989	102	8	28
12833.951692970	102	8	28
12833.958870848	102	8	28
12833.966053493	102	8	28
12833.973215401	102	8	28
12833.980380504	102	8	28
12833.987543490	102	8	28
12833.994681393	102	8	28
12834.001846978	102	8	28
12834.009129049	103	5	29
12834.016348485	103	5	29
12834.023443109	103	5	29
12834.030518897	103	5	29
12834.037564361	103	5	29
12834.044609313	103	5	29
12834.051651388	103	5	29
12834.058692444	103	5	29
12834.065731019	103	5	29
12834.072773645	103	5	29
12834.079816809	103	5	29
12834.086883631	102	16	29
12834.093970496	102	16	29
12834.103455729	101	17	27
12834.110533637	101	17	27
12834.117617293	101	17	27
12834.124721706	101	17	27
12834.131853847	101	17	27
12834.138926675	102	7	27
12834.145975179	102	7	27
12834.153033347	105	6	28
12834.160081549	105	6	28
12834.167135560	105	6	28
12834.174181009	105	6	28
12834.181234266	105	6	28
12834.188278989	105	6	28
12834.195336666	105	6	28
12834.202533770	105	6	28
12834.209587337	105	6	28
12834.216640123	105	6	28
12834.223692958	105	6	28
12834.230744123	101	15	29
12834.237836148	101	15	29
12834.247290814	103	14	29
12834.254374198	103	14	29
12834.261495213	103	14	29
12834.268585713	103	14	29
12834.275671656	103	14	29
12834.282758122	105	13	26
12834.289846881	105	13	26
12834.296932667	103	4	24
12834.304008949	103	4	24
12834.311051693	103	4	24
12834.318105119	103	4	24
12834.325157490	103	4	24
12834.332234021	103	4	24
12834.339289624	103	4	24
12834.346343630	103	4	24
12834.353392330	103	4	24
12834.360471179	103	4	24
12834.367563425	103	4	24
12834.374653009	106	12	29
12834.381732531	106	12	29
12834.391234524	103	17	30
12834.398283649	103	17	30
12834.405319627	103	17	30
12834.412368180	103	17	30
12834.419413718	103	17	30
12834.426457831	103	9	26
12834.433501306	107	9	26
12834.440547905	105	2	26
12834.447611128	105	2	26
12834.454865869	105	2	26
12834.461916282	105	2	26
12834.469019295	105	2	26
12834.476103314	105	2	26
12834.483191564	105	2	26
12834.490266299	105	2	26
12834.497391489	105	2	26
12834.504481266	105	2	26
12834.511574089	105	2	26
12834.518664948	100	13	29
12834.525751848	100	13	29
12834.532842317	101	13	29
12834.539996172	101	13	29
12834.547073155	101	13	29
12834.554171784	101	13	29
12834.561248445	101	13	29
12834.568326161	101	13	29
12834.575410414	101	13	29
12834.582513094	101	13	29
12834.589593953	101	13	29
12834.596676218	103	10	31
12834.603760154	103	10	31
12834.610839347	101	3	21
12834.617928790	101	3	21
12834.625003157	101	3	21
12834.632078376	101	3	21
12834.639124884	101	3	21
12834.646210567	101	3	21
12834.653263608	101	3	21
12834.660308002	101	3	21
12834.667347428	101	3	21
12834.674399293	101	3	21
12834.681450908	101	3	21
12834.688495088	99	15	28
12834.695543884	99	15	28
12834.704964827	102	10	28
12834.712048792	102	10	28
12834.719133238	102	10	28
12834.726224198	102	10	28
12834.733325016	102	10	28
12834.740408781	102	12	26
12834.747513848	101	12	26
12834.754602239	101	1	26
12834.761691892	101	1	26
12834.768790717	101	1	26
12834.775876016	101	1	26
12834.782971160	101	1	26
12834.790059424	101	1	26
12834.797143396	101	1	26
12834.804233454	101	1	26
12834.811326070	101	1	26
12834.818425611	101	1	26
12834.825514905	101	1	26
12834.832595083	100	4	28
12834.839674022	100	4	28
12834.846778528	101	11	29
12834.853874974	101	11	29
12834.860962814	101	11	29
12834.868068977	101	11	29
12834.875146402	101	11	29
12834.882228956	101	11	29
12834.889290315	101	11	29
12834.896340315	101	11	29
12834.903385073	101	11	29
12834.910425065	101	14	28
12834.917541369	104	14	28
12834.924582715	105	6	24
12834.931637583	105	6	24
12834.938698702	105	6	24
12834.945743848	105	6	24
12834.952837548	105	6	24
12834.959911662	105	6	24
12834.966997290	105	6	24
12834.974079924	105	6	24
12834.981157959	105	6	24
12834.988257559	105	6	24
12834.995339391	105	6	24
12835.002441582	104	11	29
12835.009531614	104	11	29
12835.019022901	97	17	29
12835.026107581	97	17	29
12835.033199553	97	17	29
12835.040279440	97	17	29
12835.047358841	97	17	29
12835.054481164	102	14	31
12835.061558296	102	14	31
12835.068646791	100	10	29
12835.075736709	100	10	29
12835.082833481	100	10	29
12835.089935622	100	10	29
12835.097026832	100	10	29
12835.104119859	100	10	29
12835.111201286	100	10	29
12835.118294100	100	10	29
12835.125390605	100	10	29
12835.132481070	100	10	29
12835.139545630	100	10	29
12835.146591599	105	3	28
12835.153660314	105	3	28
12835.160713514	105	3	28
12835.167776132	105	3	28
12835.174817610	105	3	28
12835.181857114	105	3	28
12835.188902128	105	3	28
12835.195955205	105	3	28
12835.203008132	105	3	28
12835.210052657	105	3	28
12835.217143458	105	3	28
12835.224229197	105	8	29
12835.231320143	105	8	29
12835.238411523	103	7	28
12835.245513909	103	7	28
12835.252596784	103	7	28
12835.259704532	103	7	28
12835.266788738	103	7	28
12835.273872166	103	7	28
12835.280953926	103	7	28
12835.288061779	103	7	28
12835.295217114	103	7	28
12835.302385815	103	7	28
12835.309464620	103	7	28
12835.316557886	102	7	28
12835.323632419	102	7	28
12835.330710125	103	7	27
12835.337805690	103	7	27
12835.344882921	103	7	27
12835.351989519	103	7	27
12835.359098834	103	7	27
12835.366190240	103	7	27
12835.373251094	103	7	27
12835.380302553	103	7	27
12835.387348709	103	7	27
12835.394394422	103	15	30
12835.401453553	103	15	30
12835.408499569	105	5	24
12835.415552439	105	5	24
12835.422591835	105	5	24
12835.429643086	105	5	24
12835.436696052	105	5	24
12835.443741608	105	5	24
12835.450794732	105	5	24
12835.457847614	105	5	24
12835.464976954	105	5	24
12835.472072901	105	5	24
12835.479151525	105	5	24
12835.486235463	98	10	31
12835.493330318	98	10	31
12835.502822168	102	13	31
12835.509899815	102	13	31
12835.516983107	102	13	31
12835.524067736	102	13	31
12835.531150892	102	13	31
12835.538240963	102	14	29
12835.545319964	103	14	29
12835.552418685	100	2	24
12835.559502714	100	2	24
12835.566612750	100	2	24
12835.573693839	100	2	24
12835.580776562	100	2	24
12835.587868524	100	2	24
12835.594954908	100	2	24
12835.602061402	100	2	24
12835.609148767	100	2	24
12835.616227837	100	2	24
12835.623285077	100	2	24
12835.630343190	102	9	27
12835.637403479	102	9	27
12835.644479564	102	10	27
12835.651532540	102	10	27
12835.658576005	102	10	27
12835.665644689	102	10	27
12835.672698428	102	10	27
12835.679750083	102	10	27
12835.686809734	102	10	27
12835.693852197	102	10	27
12835.700920736	102	10	27
12835.707964553	102	10	27
12835.715007937	102	10	27
12835.722063395	102	2	30
12835.729148579	102	2	30
12835.736263483	102	2	30
12835.743346589	102	2	30
12835.750439007	102	2	30
12835.757521891	102	2	30
12835.764630155	102	2	30
12835.771719617	102	2	30
12835.778812591	102	2	30
12835.785905920	102	2	30
12835.792987398	102	2	30
12835.800093870	100	10	28
12835.807165008	100	10	28
12835.814208122	100	11	26
12835.821265856	100	11	26
12835.828314347	100	11	26
12835.835386718	100	11	26
12835.842431141	100	11	26
12835.849501464	100	11	26
