HMC5883L logger
Gera log de saídas da bússola na saída padrão.
A saída pode ser visualizada com algum programa que plote gráficos
ou processada para calcular deslocamentos/rotações para corrigir o
campo magnético recebido da bússola
12259.494513450	88	10	39
12259.498047572	96	13	29
12259.501498762	96	13	29
12259.505601608	96	13	29
12259.509431877	96	13	29
12259.513195705	96	13	29
12259.516809796	96	13	29
12259.520628988	96	13	29
12259.524371402	102	8	26
12259.528165721	102	8	26
12259.531874517	102	8	26
12259.535597758	102	8	26
12259.539492756	102	8	26
12259.543377154	102	8	26
12259.547183055	102	8	26
12259.551047410	102	8	26
12259.554861346	102	8	26
12259.558527079	102	8	26
12259.562158333	102	8	26
12259.565781149	102	8	26
12259.569367457	102	8	26
12259.572913320	102	8	26
12259.576538506	102	8	26
12259.580217869	102	8	26
12259.583923721	102	8	26
12259.587510816	102	8	26
12259.591085002	102	8	26
12259.594671320	102	8	26
12259.598254958	102	8	26
12259.601826298	104	11	21
12259.605407329	104	11	21
12259.608998484	104	11	21
12259.612691958	104	11	21
12259.616351275	104	11	21
12259.619989982	104	11	21
12259.623522128	104	11	21
12259.627219268	104	11	21
12259.630930702	104	11	21
12259.634567955	104	11	21
12259.638248395	104	11	21
12259.641923858	104	11	21
12259.645576626	104	11	21
12259.649163817	104	11	21
12259.652728897	104	11	21
12259.656346642	104	11	21
12259.660019948	104	11	21
12259.663722053	104	11	21
12259.667281156	96	8	23
12259.670784081	96	8	23
12259.674375842	96	8	23
12259.677972689	96	8	23
12259.681509135	96	8	23
12259.685101206	96	8	23
12259.688643190	96	8	23
12259.692236674	96	8	23
12259.695908245	96	8	23
12259.699552264	96	8	23
12259.703189675	96	8	23
12259.706779071	103	16	23
12259.710361696	103	16	23
12259.714021241	103	16	23
12259.717688460	103	16	23
12259.721370232	103	16	23
12259.725055091	103	16	23
12259.728738956	103	16	23
12259.732398740	100	16	24
12259.735974901	100	16	24
12259.739532594	100	16	24
12259.743163526	100	16	24
12259.746848104	100	16	24
12259.750531711	100	16	24
12259.754144939	100	16	24
12259.757705685	100	16	24
12259.761298879	100	16	24
12259.764866465	100	16	24
12259.768459449	100	16	24
12259.771962349	100	12	24
12259.775553202	100	12	24
12259.779227997	100	12	24
12259.782899501	100	12	24
12259.786534889	100	12	24
12259.790122314	100	12	24
12259.793702895	100	12	24
12259.797350493	100	12	24
12259.801022342	100	12	24
12259.804704225	100	12	24
12259.808382238	100	12	24
12259.812064156	100	12	24
12259.815712872	100	12	24
12259.819302824	100	12	24
12259.822858419	100	12	24
12259.826493025	100	12	24
12259.830158028	100	12	24
12259.833845739	100	12	24
12259.837525012	101	10	27
12259.841102881	101	10	27
12259.844690963	101	10	27
12259.848281953	101	10	27
12259.851864768	101	10	27
12259.855454795	101	10	27
12259.859034302	101	10	27
12259.862721388	101	10	27
12259.866371938	101	10	27
12259.870002208	101	10	27
12259.873550430	101	10	27
12259.877126476	101	10	27
12259.880780489	101	10	27
12259.884451769	101	10	27
12259.888144785	101	10	27
12259.891840540	101	10	27
12259.895521790	101	10	27
12259.899108565	101	10	27
12259.902689311	99	10	25
12259.906293516	99	10	25
12259.909976219	99	10	25
12259.913625361	99	10	25
12259.917213115	99	10	25
12259.920795280	99	10	25
12259.924386539	99	10	25
12259.927962344	99	10	25
12259.931549690	99	10	25
12259.935113483	99	10	25
12259.938705289	99	10	25
12259.942252439	98	13	22
12259.945928581	98	13	22
12259.949577129	98	13	22
12259.953205550	98	13	22
12259.956794710	98	13	22
12259.960371081	98	13	22
12259.964022906	98	13	22
12259.967673402	100	14	24
12259.971374249	100	14	24
12259.975040846	100	14	24
12259.978691977	100	14	24
12259.982361965	100	14	24
12259.985947181	100	14	24
12259.989512387	100	14	24
12259.993139987	100	14	24
12259.996823830	100	14	24
12260.000501236	100	14	24
12260.004159225	100	14	24
12260.007812184	100	14	24
12260.013414242	100	14	24
12260.016848654	100	14	24
12260.020294464	101	11	20
12260.023721188	101	11	20
12260.027180586	101	11	20
12260.030865764	101	11	20
12260.034643689	101	11	20
12260.038523930	101	11	20
12260.042445724	101	11	20
12260.046312228	103	12	22
12260.050181306	103	12	22
12260.053975758	103	12	22
12260.057685927	103	12	22
12260.061383854	103	12	22
12260.065087118	103	12	22
12260.068594698	103	12	22
12260.072126097	100	16	23
12260.075659781	100	16	23
12260.079161222	100	16	23
12260.082620498	100	16	23
12260.086167498	100	16	23
12260.089704349	100	16	23
12260.093222734	100	16	23
12260.096711649	100	16	23
12260.100524047	100	16	23
12260.104492409	100	16	23
12260.108467160	100	16	23
12260.112134441	99	6	23
12260.115949711	99	6	23
12260.119725796	99	6	23
12260.123519834	99	6	23
12260.127257193	99	6	23
12260.130961028	99	6	23
12260.134616571	99	6	23
12260.138427596	99	6	23
12260.142211152	99	6	23
12260.145963500	99	6	23
12260.149713038	99	6	23
12260.153544860	99	6	23
12260.157342641	99	6	23
12260.160971358	99	6	23
12260.164674615	99	6	23
12260.168293152	99	6	23
12260.171909258	99	6	23
12260.175552911	99	6	23
12260.179198935	99	6	23
12260.182786657	99	6	23
12260.186455839	99	6	23
12260.190125256	100	9	27
12260.193806775	100	9	27
12260.197490655	100	9	27
12260.201147118	100	9	27
12260.204793723	100	9	27
12260.208417166	100	9	27
12260.212063370	100	9	27
12260.215718570	101	11	22
12260.219389891	101	11	22
12260.223051856	101	11	22
12260.226710875	101	11	22
12260.230366190	101	11	22
12260.233910012	101	11	22
12260.237560907	101	11	22
12260.241194323	101	11	22
12260.244856012	101	11	22
12260.248529363	101	11	22
12260.252217187	101	11	22
12260.255934487	101	11	22
12260.259577329	101	11	22
12260.263262933	101	11	22
12260.266898693	101	11	22
12260.270574320	101	11	22
12260.274225475	101	11	22
12260.277890096	101	11	22
12260.281538886	103	10	28
12260.285176687	103	10	28
12260.288827907	103	10	28
12260.292477324	103	10	28
12260.296154544	103	10	28
12260.299823961	103	10	28
12260.303496600	103	10	28
12260.307157909	100	12	21
12260.310784273	100	12	21
12260.314432542	100	12	21
12260.318080671	100	12	21
12260.321703678	100	12	21
12260.325348139	100	12	21
12260.328876917	100	12	21
12260.332562490	100	12	21
12260.336190984	100	12	21
12260.339787702	100	12	21
12260.343333213	100	12	21
12260.346918710	101	13	27
12260.350635850	101	13	27
12260.354325112	101	13	27
12260.358015712	101	13	27
12260.361714997	101	13	27
12260.365422404	101	13	27
12260.369090558	101	13	27
12260.372719840	98	10	23
12260.376381860	98	10	23
12260.380046641	98	10	23
12260.383711584	98	10	23
12260.387389755	98	10	23
12260.391027881	98	10	23
12260.394669425	98	10	23
12260.398309260	100	11	23
12260.401965998	100	11	23
12260.405517103	100	11	23
12260.409188373	100	11	23
12260.412883819	100	11	23
12260.416550059	100	11	23
12260.420095665	100	11	23
12260.423759019	100	11	23
12260.427507154	100	11	23
12260.431207717	100	11	23
12260.434692039	100	11	23
12260.438162996	102	15	22
12260.441645284	102	15	22
12260.445116623	102	15	22
12260.448588682	102	15	22
12260.452059098	102	15	22
12260.455551715	102	15	22
12260.458982164	102	15	22
12260.462419375	102	15	22
12260.465924179	102	15	22
12260.469465351	102	15	22
12260.473046237	102	15	22
12260.476612174	99	9	26
12260.480237608	99	9	26
12260.483778482	99	9	26
12260.487294642	99	9	26
12260.490800463	99	9	26
12260.494314618	99	9	26
12260.497827300	99	9	26
12260.501338824	99	9	26
12260.504814763	99	9	26
12260.508322233	99	9	26
12260.511837004	99	9	26
12260.515361468	99	9	26
12260.518880989	99	9	26
12260.522404155	99	9	26
12260.525942238	99	9	26
12260.529491191	100	11	25
12260.532991438	100	11	25
12260.536489606	100	11	25
12260.540047244	100	11	25
12260.543556108	100	11	25
12260.547175176	100	11	25
12260.550773657	100	11	25
12260.554367167	100	11	25
12260.557898336	100	11	25
12260.561423215	100	11	25
12260.564951422	100	11	25
12260.568470704	100	10	20
12260.571994335	100	10	20
12260.575534514	100	10	20
12260.579055721	100	10	20
12260.582541696	100	10	20
12260.586043508	100	10	20
12260.589568779	100	10	20
12260.593094560	100	10	20
12260.596626917	100	10	20
12260.600151736	100	10	20
12260.603655342	100	10	20
12260.607145092	98	10	24
12260.610669489	98	10	24
12260.614173297	98	10	24
12260.617683739	98	10	24
12260.621204689	98	12	21
12260.624689157	98	12	21
12260.628284822	98	12	21
12260.631805356	98	12	21
12260.635330541	98	12	21
12260.638885253	98	12	21
12260.642412154	98	12	21
12260.645897437	98	12	21
12260.649428250	98	12	21
12260.652944685	98	12	21
12260.656469139	98	12	21
12260.660025644	95	14	22
12260.663561293	95	14	22
12260.667096937	95	14	22
12260.670626011	95	14	22
12260.674130825	95	14	22
12260.677665506	95	14	22
12260.681183245	95	14	22
12260.684686435	95	14	22
12260.688191184	95	14	22
12260.691717175	95	14	22
12260.695231952	95	14	22
12260.698805758	100	10	21
12260.702307144	100	10	21
12260.705822672	100	10	21
12260.709322074	100	10	21
12260.712827228	100	10	21
12260.716341849	100	10	21
12260.719863143	100	10	21
12260.723357476	100	10	21
12260.726883357	100	10	21
12260.730401482	100	10	21
12260.733909117	100	10	21
12260.737409396	100	10	21
12260.740925751	100	10	21
12260.744439835	100	10	21
12260.747955193	100	10	21
12260.751442673	103	10	23
12260.754941568	103	10	23
12260.758461500	103	10	23
12260.761928360	103	10	23
12260.765367555	103	10	23
12260.768803598	103	10	23
12260.772238553	103	10	23
12260.775622062	103	10	23
12260.779004113	103	10	23
12260.782398442	103	10	23
12260.785845485	103	10	23
12260.789299368	103	10	23
12260.792753738	103	10	23
12260.796190442	103	10	23
12260.799576397	103	10	23
12260.802958107	99	11	22
12260.806371428	99	11	22
12260.809836427	99	11	22
12260.813291583	99	11	22
12260.816726734	98	9	25
12260.820111200	98	9	25
12260.823494243	98	9	25
12260.826931504	98	9	25
12260.830436814	98	9	25
12260.833935840	98	9	25
12260.837367663	98	9	25
12260.840762192	98	9	25
12260.844144173	98	9	25
12260.847597790	98	9	25
12260.851076060	98	9	25
12260.854557766	98	9	25
12260.858057904	98	9	25
12260.861516609	98	9	25
12260.864983872	98	9	25
12260.868448545	100	15	21
12260.871914251	100	15	21
12260.875368410	100	15	21
12260.878835869	100	15	21
12260.882291887	105	14	24
12260.885676694	105	14	24
12260.889057627	105	14	24
12260.892450142	105	14	24
12260.895918398	105	14	24
12260.899416267	105	14	24
12260.902845158	105	14	24
12260.906239907	105	14	24
12260.909621522	105	14	24
12260.913036036	105	14	24
12260.916502959	105	14	24
12260.919967156	105	14	24
12260.923389568	105	14	24
12260.926783050	105	14	24
12260.930170032	105	14	24
12260.933624657	100	15	21
12260.937090171	100	15	21
12260.940555772	100	15	21
12260.944007205	100	15	21
12260.947398120	104	12	23
12260.950781945	104	12	23
12260.954164707	104	12	23
12260.957648113	104	12	23
12260.961113979	104	12	23
12260.964549109	104	12	23
12260.967977856	104	12	23
12260.971419266	104	12	23
12260.974837799	104	12	23
12260.978252955	104	12	23
12260.981673720	104	12	23
12260.985114953	104	12	23
12260.988552851	104	12	23
12260.992004841	104	12	23
12260.995465954	104	12	23
12260.998897733	98	15	18
12261.002577612	98	15	18
12261.006615074	98	15	18
12261.010640268	98	15	18
12261.014345963	98	15	18
