HMC5883L logger
Gera log de saídas da bússola na saída padrão.
A saída pode ser visualizada com algum programa que plote gráficos
ou processada para calcular deslocamentos/rotações para corrigir o
campo magnético recebido da bússola
12990.048960244	90	8	38
12990.056040237	90	8	38
12990.062172140	98	5	29
12990.068267999	98	5	29
12990.074345249	98	5	29
12990.080473307	98	5	29
12990.086561965	98	5	29
12990.092614123	98	5	29
12990.098641202	98	5	29
12990.104660443	98	5	29
12990.110695379	98	5	29
12990.116718801	98	5	29
12990.122756844	98	5	29
12990.128737816	98	5	29
12990.134717235	98	5	29
12990.140707722	101	19	33
12990.146723055	101	19	33
12990.152731559	101	19	33
12990.158709305	101	19	33
12990.164678124	101	19	33
12990.170639152	101	19	33
12990.176688708	101	19	33
12990.182759422	101	19	33
12990.188748266	101	19	33
12990.194716803	101	19	33
12990.200722688	101	19	33
12990.206739309	101	19	33
12990.212718843	101	19	33
12990.218799013	101	19	33
12990.224775642	101	19	33
12990.230748018	101	19	33
12990.236970370	101	19	33
12990.243076411	101	19	33
12990.249060448	101	19	33
12990.255034217	101	19	33
12990.261004727	101	19	33
12990.267113326	101	19	33
12990.273181615	101	19	33
12990.279150910	101	19	33
12990.285109540	101	19	33
12990.291086785	101	19	33
12990.297043801	101	19	33
12990.303184336	101	19	33
12990.309164915	101	19	33
12990.315123754	101	19	33
12990.321080214	101	19	33
12990.327056661	101	19	33
12990.333165893	101	19	33
12990.339210043	101	19	33
12990.345185870	101	19	33
12990.351177368	101	19	33
12990.357153262	101	19	33
12990.363252308	99	5	29
12990.369337845	99	5	29
12990.375321795	99	5	29
12990.381273956	99	5	29
12990.387222782	99	5	29
12990.393209545	99	5	29
12990.399263089	99	5	29
12990.405264662	99	5	29
12990.411240456	99	5	29
12990.417193954	99	5	29
12990.423146785	99	5	29
12990.429120039	99	5	29
12990.435175767	99	5	29
12990.441140166	99	5	29
12990.447094225	99	5	29
12990.453050690	99	5	29
12990.459048951	99	5	29
12990.465071857	99	5	29
12990.471051242	99	5	29
12990.477021883	99	5	29
12990.482976808	99	5	29
12990.488938454	99	5	29
12990.494950446	99	5	29
12990.500952125	99	5	29
12990.506912622	104	10	34
12990.512866246	104	10	34
12990.518815721	104	10	34
12990.524782728	104	10	34
12990.530797976	104	10	34
12990.536785120	104	10	34
12990.542748720	104	10	34
12990.548704349	104	10	34
12990.554672411	104	10	34
12990.560718630	104	10	34
12990.566717935	104	10	34
12990.572686015	98	14	33
12990.578642161	98	14	33
12990.584588386	98	14	33
12990.590574304	98	14	33
12990.596574149	98	14	33
12990.602547431	98	14	33
12990.608512690	98	14	33
12990.614466467	98	14	33
12990.620429326	98	14	33
12990.626469531	98	14	33
12990.632433568	98	14	33
12990.638383654	98	14	33
12990.644336894	98	14	33
12990.650300026	98	14	33
12990.656377687	98	14	33
12990.662339064	98	14	33
12990.668285995	98	14	33
12990.674254154	98	14	33
12990.680207920	98	14	33
12990.686197629	98	14	33
12990.692181024	98	14	33
12990.698139054	98	14	33
12990.704085362	98	14	33
12990.710043763	98	14	33
12990.716033193	98	14	33
12990.722070208	98	14	33
12990.728034281	98	14	33
12990.733994332	98	14	33
12990.739942868	98	14	33
12990.745911055	98	14	33
12990.751957842	98	14	33
12990.757922945	98	14	33
12990.763876297	98	14	33
12990.769827952	98	14	33
12990.775780540	98	14	33
12990.781753967	106	8	31
12990.787754606	106	8	31
12990.793720097	106	8	31
12990.799668623	106	8	31
12990.805621815	106	8	31
12990.811598988	106	8	31
12990.817647895	106	8	31
12990.823613272	106	8	31
12990.829568408	106	8	31
12990.835513380	106	8	31
12990.841472224	106	8	31
12990.847531438	103	10	37
12990.853503562	103	10	37
12990.859468637	103	10	37
12990.865416806	103	10	37
12990.871363242	103	10	37
12990.877338827	103	10	37
12990.883339104	103	10	37
12990.889321026	103	10	37
12990.895273626	103	10	37
12990.901235749	103	10	37
12990.907222952	103	10	37
12990.913251545	103	10	37
12990.919254506	103	10	37
12990.925213561	103	10	37
12990.931167198	103	10	37
12990.937122630	103	10	37
12990.943154903	103	10	37
12990.949143099	103	10	37
12990.955114089	103	10	37
12990.961068812	103	10	37
12990.967052401	103	10	37
12990.973023618	103	10	37
12990.978999704	103	10	37
12990.984965707	103	10	37
12990.990931373	103	4	32
12990.996889736	100	4	32
12991.002888805	100	4	32
12991.008935113	100	4	32
12991.014900637	100	4	32
12991.020872933	100	4	32
12991.026840843	100	4	32
12991.032811354	100	4	32
12991.038885008	100	4	32
12991.044848494	100	4	32
12991.050821074	100	4	32
12991.056791373	103	16	35
12991.062758731	103	16	35
12991.068756636	103	16	35
12991.074724377	103	16	35
12991.080674375	103	16	35
12991.086623731	103	16	35
12991.092574628	103	16	35
12991.098545472	103	16	35
12991.104580674	103	16	35
12991.110553648	103	16	35
12991.116507845	103	16	35
12991.122452356	103	16	35
12991.128414861	103	16	35
12991.134476240	103	16	35
12991.140443472	103	16	35
12991.146400942	103	16	35
12991.152361656	103	16	35
12991.158327499	103	16	35
12991.164303638	103	16	35
12991.170290662	103	16	35
12991.176262721	103	16	35
12991.182212072	103	16	35
12991.188162473	103	16	35
12991.194125660	103	16	35
12991.200187229	103	8	35
12991.206175935	103	8	35
12991.212137375	103	8	35
12991.218083261	103	8	35
12991.224059719	103	8	35
12991.230086329	103	8	35
12991.236073383	103	8	35
12991.242038108	103	8	35
12991.247985219	103	8	35
12991.253947037	103	8	35
12991.259939079	103	8	35
12991.265926786	103	9	34
12991.271893902	103	9	34
12991.277855604	103	9	34
12991.283817908	103	9	34
12991.289790999	103	9	34
12991.295831496	103	9	34
12991.301818238	103	9	34
12991.307777598	103	9	34
12991.313723087	103	9	34
12991.319685068	103	9	34
12991.325735212	103	9	34
12991.331701777	103	5	37
12991.337669400	103	5	37
12991.343635681	103	5	37
12991.349590607	103	5	37
12991.355592320	103	5	37
12991.361566430	103	5	37
12991.367520166	103	5	37
12991.373466641	103	5	37
12991.379421911	103	5	37
12991.385395415	103	5	37
12991.391418853	103	5	37
12991.397384700	103	5	37
12991.403340991	103	5	37
12991.409301373	103	5	37
12991.415295592	103	5	37
12991.421369728	103	5	37
12991.427336463	103	5	37
12991.433292297	103	5	37
12991.439270007	103	5	37
12991.445235526	103	5	37
12991.451233084	103	5	37
12991.457217010	103	5	37
12991.463167088	103	5	37
12991.469122126	103	5	37
12991.475070529	103	5	34
12991.481042843	104	5	34
12991.487096148	104	5	34
12991.493066637	104	5	34
12991.499025791	104	5	34
12991.504981608	104	5	34
12991.510941797	104	5	34
12991.517025297	104	5	34
12991.523002682	104	5	34
12991.528955167	104	5	34
12991.534905102	104	5	34
12991.540858650	99	14	37
12991.546862376	99	14	37
12991.552871523	99	14	37
12991.558846358	99	14	37
12991.564797427	99	14	37
12991.570748129	99	14	37
12991.576730094	99	14	37
12991.582782648	99	14	37
12991.588779223	99	14	37
12991.594738254	99	14	37
12991.600684389	99	14	37
12991.606635740	99	14	37
12991.612656965	99	14	37
12991.618643236	99	14	37
12991.624606308	99	14	37
12991.630558857	99	14	37
12991.636508882	99	14	37
12991.642483395	99	14	37
12991.648463230	99	14	37
12991.654434339	99	14	37
12991.660401904	99	14	37
12991.666352128	99	14	37
12991.672330564	99	14	37
12991.678405560	99	14	37
