HMC5883L logger
Gera log de saídas da bússola na saída padrão.
A saída pode ser visualizada com algum programa que plote gráficos
ou processada para calcular deslocamentos/rotações para corrigir o
campo magnético recebido da bússola
13060.931513420	88	13	42
13060.938870931	88	13	42
13060.945082569	102	14	28
13060.951489123	102	14	28
13060.957668975	102	3	36
13060.963788845	102	3	36
13060.969913300	102	3	36
13060.976013530	102	3	36
13060.982192511	102	3	36
13060.988287022	102	3	36
13060.994357757	102	3	36
13061.000413933	102	3	36
13061.006456984	102	3	36
13061.012537843	102	3	36
13061.018737531	102	3	36
13061.024789558	102	3	36
13061.030809041	102	3	36
13061.036828775	102	3	36
13061.042849277	102	3	36
13061.048957565	102	3	36
13061.054956723	102	3	36
13061.060945473	102	3	36
13061.066917235	102	3	36
13061.072894209	102	3	36
13061.078886300	102	3	36
13061.084869017	102	3	36
13061.090842670	102	3	36
13061.096794562	102	3	36
13061.102747523	102	3	36
13061.108716501	102	3	36
13061.114690498	101	13	30
13061.120672352	101	13	30
13061.126629279	101	13	30
13061.132584279	101	13	30
13061.138555289	101	13	30
13061.144588031	101	13	30
13061.150566215	101	13	30
13061.156533908	101	13	30
13061.162487767	101	13	30
13061.168444476	101	13	30
13061.174456361	101	13	30
13061.180470316	105	14	33
13061.186453147	105	14	33
13061.192414660	105	14	33
13061.198364570	105	14	33
13061.204351114	105	14	33
13061.210363911	105	14	33
13061.216325445	105	14	33
13061.222287838	105	14	33
13061.228250560	105	14	33
13061.234225328	105	14	33
13061.240272963	105	14	33
13061.246234180	105	14	33
13061.252188289	105	14	33
13061.258142646	105	14	33
13061.264109028	105	14	33
13061.270103245	105	14	33
13061.276072064	105	14	33
13061.282026114	105	14	33
13061.287977961	105	14	33
13061.293935969	105	14	33
13061.299941320	105	14	33
13061.305956264	105	14	33
13061.311921472	105	14	33
13061.317867678	105	14	33
13061.323821473	105	3	33
13061.329781098	101	3	33
13061.335823169	101	3	33
13061.341789238	101	3	33
13061.347739847	101	3	33
13061.353692020	101	3	33
13061.359655989	101	3	33
13061.365647133	101	3	33
13061.371619561	101	3	33
13061.377579006	101	3	33
13061.383530409	101	3	33
13061.389485021	102	14	31
13061.395459869	102	14	31
13061.401475043	102	14	31
13061.407441405	102	14	31
13061.413393813	102	14	31
13061.419343106	102	14	31
13061.425315733	102	14	31
13061.431354873	102	14	31
13061.437355608	102	14	31
13061.443319644	102	14	31
13061.449269689	102	14	31
13061.455230509	105	14	34
13061.461218974	105	14	34
13061.467206004	105	14	34
13061.473171752	105	14	34
13061.479122565	105	14	34
13061.485070394	105	14	34
13061.491042590	105	14	34
13061.497028707	105	14	34
13061.503013180	105	14	34
13061.508980156	105	14	34
13061.514935577	105	14	34
13061.520906058	105	14	34
13061.526933848	105	14	34
13061.532909881	105	14	34
13061.538902540	105	14	34
13061.544857748	105	14	34
13061.550806276	105	14	34
13061.556799457	105	14	34
13061.562758652	105	14	34
13061.568715453	105	14	34
13061.574695821	105	14	34
13061.580661062	105	14	34
13061.586658964	105	14	34
13061.592678548	105	14	34
13061.598647568	105	4	28
13061.604625618	105	4	28
13061.610581259	105	4	28
13061.616574868	105	4	28
13061.622636834	105	4	28
13061.628599602	105	4	28
13061.634559307	105	4	28
13061.640507894	105	4	28
13061.646458984	105	4	28
13061.652446581	105	4	28
13061.658414060	105	4	28
13061.664360986	98	11	28
13061.670351921	98	11	28
13061.676310114	98	11	28
13061.682287614	98	11	28
13061.688273860	98	11	28
13061.694236062	98	11	28
13061.700183082	98	11	28
13061.706138586	98	11	28
13061.712106053	98	11	28
13061.718157948	98	11	28
13061.724121940	98	11	28
13061.730072758	102	11	35
13061.736027255	102	11	35
13061.741979619	102	11	35
13061.747965390	102	11	35
13061.753955852	102	11	35
13061.759918835	102	11	35
13061.765868246	102	11	35
13061.771829439	102	11	35
13061.777796229	102	11	35
13061.783803409	102	11	35
13061.789765284	102	11	35
13061.795724844	102	11	35
13061.801674923	102	11	35
13061.807632593	102	11	35
13061.813651093	102	11	35
13061.819637270	102	11	35
13061.825601905	102	11	35
13061.831554921	102	11	35
13061.837540270	102	11	35
13061.843517326	102	11	35
13061.849493273	102	11	35
13061.855475445	102	11	35
13061.861429216	102	11	35
13061.867376470	102	11	35
13061.873370199	102	11	35
13061.879345173	102	11	35
13061.885324996	102	11	35
13061.891287055	102	11	35
13061.897237740	102	11	35
13061.903213708	102	11	35
13061.909254941	102	11	35
13061.915219958	102	11	35
13061.921169312	102	11	35
13061.927120053	102	11	35
13061.933086734	102	11	35
13061.939082533	102	9	29
13061.945049028	103	9	29
13061.951001023	103	9	29
13061.956953182	103	9	29
13061.962905253	103	9	29
13061.968895638	103	9	29
13061.974913823	103	9	29
13061.980872888	103	9	29
13061.986824660	103	9	29
13061.992773280	103	9	29
13061.998763207	103	9	29
13062.004987834	103	14	32
13062.011107776	103	14	32
13062.017127222	103	14	32
13062.023108167	103	14	32
13062.029102654	103	14	32
13062.035171009	103	14	32
13062.041148401	103	14	32
13062.047106090	103	14	32
13062.053049912	103	14	32
13062.059005374	103	14	32
13062.064987073	103	14	32
13062.070980941	103	14	32
13062.076949126	103	14	32
13062.082902925	103	11	31
13062.088856140	103	11	31
13062.094828834	103	11	31
13062.100879219	103	11	31
13062.106838978	103	11	31
13062.112794152	103	11	31
13062.118739089	103	11	31
13062.124705783	103	11	31
